variables = x, rou, u, v, p, E
gx = 400, gy = 100, 0.5y position
  0.010000  1.000000  2.900000  0.000000  0.714290  5.990725
  0.020000  1.000000  2.900000 -0.000000  0.714290  5.990725
  0.030000  1.000000  2.900000  0.000000  0.714290  5.990725
  0.040000  1.000000  2.900000 -0.000000  0.714290  5.990725
  0.050000  1.000000  2.900000  0.000000  0.714290  5.990725
  0.060000  1.000000  2.900000 -0.000000  0.714290  5.990725
  0.070000  1.000000  2.900000  0.000000  0.714290  5.990725
  0.080000  1.000000  2.900000 -0.000000  0.714290  5.990725
  0.090000  1.000000  2.900000  0.000000  0.714290  5.990725
  0.100000  1.000000  2.900000 -0.000000  0.714290  5.990725
  0.110000  1.000000  2.900000  0.000000  0.714290  5.990725
  0.120000  1.000000  2.900000 -0.000000  0.714290  5.990725
  0.130000  1.000000  2.900000  0.000000  0.714290  5.990725
  0.140000  1.000000  2.900000 -0.000000  0.714290  5.990725
  0.150000  1.000000  2.900000  0.000000  0.714290  5.990725
  0.160000  1.000000  2.900000 -0.000000  0.714290  5.990725
  0.170000  1.000000  2.900000  0.000000  0.714290  5.990725
  0.180000  1.000000  2.900000 -0.000000  0.714290  5.990725
  0.190000  1.000000  2.900000  0.000000  0.714290  5.990725
  0.200000  1.000000  2.900000 -0.000000  0.714290  5.990725
  0.210000  1.000000  2.900000  0.000000  0.714290  5.990725
  0.220000  1.000000  2.900000 -0.000000  0.714290  5.990725
  0.230000  1.000000  2.900000  0.000000  0.714290  5.990725
  0.240000  1.000000  2.900000 -0.000000  0.714290  5.990725
  0.250000  1.000000  2.900000  0.000000  0.714290  5.990725
  0.260000  1.000000  2.900000 -0.000000  0.714290  5.990725
  0.270000  1.000000  2.900000  0.000000  0.714290  5.990725
  0.280000  1.000000  2.900000 -0.000000  0.714290  5.990725
  0.290000  1.000000  2.900000  0.000000  0.714290  5.990725
  0.300000  1.000000  2.900000  0.000000  0.714290  5.990725
  0.310000  1.000000  2.900000 -0.000000  0.714290  5.990725
  0.320000  1.000000  2.900000 -0.000000  0.714290  5.990725
  0.330000  1.000000  2.900000 -0.000000  0.714290  5.990725
  0.340000  1.000000  2.900000 -0.000000  0.714290  5.990725
  0.350000  1.000000  2.900000 -0.000000  0.714290  5.990725
  0.360000  1.000000  2.900000 -0.000000  0.714290  5.990725
  0.370000  1.000000  2.900000 -0.000000  0.714290  5.990725
  0.380000  1.000000  2.900000 -0.000000  0.714290  5.990725
  0.390000  1.000000  2.900000 -0.000000  0.714290  5.990725
  0.400000  1.000000  2.900000 -0.000000  0.714290  5.990725
  0.410000  1.000000  2.900000 -0.000000  0.714290  5.990725
  0.420000  1.000000  2.900000 -0.000000  0.714290  5.990725
  0.430000  1.000000  2.900000 -0.000000  0.714290  5.990725
  0.440000  1.000000  2.900000 -0.000000  0.714290  5.990725
  0.450000  1.000000  2.900000 -0.000000  0.714290  5.990725
  0.460000  1.000000  2.900000 -0.000000  0.714290  5.990725
  0.470000  1.000000  2.900000 -0.000000  0.714290  5.990725
  0.480000  1.000000  2.900000 -0.000000  0.714290  5.990725
  0.490000  1.000000  2.900000 -0.000000  0.714290  5.990725
  0.500000  1.000000  2.900000 -0.000000  0.714290  5.990725
  0.510000  1.000000  2.900000 -0.000000  0.714290  5.990725
  0.520000  1.000000  2.900000 -0.000000  0.714290  5.990725
  0.530000  1.000000  2.900000 -0.000000  0.714290  5.990725
  0.540000  1.000000  2.900000 -0.000000  0.714290  5.990725
  0.550000  1.000000  2.900000 -0.000000  0.714290  5.990725
  0.560000  1.000000  2.900000 -0.000000  0.714290  5.990725
  0.570000  1.000000  2.900000 -0.000000  0.714290  5.990725
  0.580000  1.000000  2.900000 -0.000000  0.714290  5.990725
  0.590000  1.000000  2.900000 -0.000000  0.714290  5.990726
  0.600000  1.000000  2.900000 -0.000000  0.714290  5.990726
  0.610000  1.000000  2.900000 -0.000000  0.714290  5.990727
  0.620000  1.000001  2.900000 -0.000000  0.714291  5.990728
  0.630000  1.000001  2.900000 -0.000001  0.714291  5.990730
  0.640000  1.000001  2.899999 -0.000001  0.714291  5.990732
  0.650000  1.000002  2.899999 -0.000002  0.714292  5.990736
  0.660000  1.000003  2.899999 -0.000003  0.714293  5.990743
  0.670000  1.000005  2.899998 -0.000005  0.714295  5.990752
  0.680000  1.000008  2.899996 -0.000007  0.714298  5.990768
  0.690000  1.000012  2.899994 -0.000011  0.714302  5.990792
  0.700000  1.000019  2.899991 -0.000017  0.714309  5.990828
  0.710000  1.000030  2.899987 -0.000026  0.714320  5.990885
  0.720000  1.000046  2.899979 -0.000041  0.714336  5.990972
  0.730000  1.000071  2.899968 -0.000063  0.714361  5.991106
  0.740000  1.000109  2.899951 -0.000097  0.714399  5.991312
  0.750000  1.000167  2.899925 -0.000149  0.714457  5.991628
  0.760000  1.000257  2.899884 -0.000230  0.714547  5.992114
  0.770000  1.000395  2.899822 -0.000353  0.714685  5.992858
  0.780000  1.000607  2.899727 -0.000542  0.714897  5.994002
  0.790000  1.000931  2.899581 -0.000831  0.715221  5.995751
  0.800000  1.001429  2.899357 -0.001276  0.715719  5.998439
  0.810000  1.002188  2.899015 -0.001953  0.716480  6.002540
  0.820000  1.003354  2.898490 -0.002993  0.717648  6.008837
  0.830000  1.005126  2.897694 -0.004572  0.719426  6.018412
  0.840000  1.007842  2.896471 -0.006992  0.722155  6.033081
  0.850000  1.011947  2.894629 -0.010637  0.726288  6.055263
  0.860000  1.018193  2.891817 -0.016177  0.732607  6.089022
  0.870000  1.027531  2.887632 -0.024410  0.742090  6.139521
  0.880000  1.041495  2.881365 -0.036664  0.756405  6.215095
  0.890000  1.061907  2.872257 -0.054369  0.777520  6.325662
  0.900000  1.091282  2.859237 -0.079509  0.808389  6.485165
  0.910000  1.132392  2.841186 -0.113812  0.852293  6.708589
  0.920000  1.187392  2.817682 -0.158386  0.912323  7.009252
  0.930000  1.258668  2.787783 -0.213109  0.991719  7.398894
  0.940000  1.342482  2.754574 -0.274739  1.087153  7.861708
  0.950000  1.436807  2.717772 -0.337738  1.196409  8.379301
  0.960000  1.522699  2.685701 -0.393604  1.299177  8.857499
  0.970000  1.587744  2.663458 -0.434877  1.378537  9.228211
  0.980000  1.632689  2.649088 -0.462626  1.433918  9.488346
  0.990000  1.662072  2.640123 -0.480469  1.470341  9.660222
  1.000000  1.680499  2.634686 -0.491532  1.493269  9.768833
  1.010000  1.691882  2.631426 -0.498343  1.507462  9.836374
  1.020000  1.698611  2.629527 -0.502356  1.515866  9.876445
  1.030000  1.702584  2.628421 -0.504724  1.520831  9.900174
  1.040000  1.704903  2.627782 -0.506108  1.523732  9.914060
  1.050000  1.706247  2.627414 -0.506912  1.525414  9.922125
  1.060000  1.707023  2.627203 -0.507377  1.526385  9.926787
  1.070000  1.707470  2.627082 -0.507645  1.526944  9.929476
  1.080000  1.707727  2.627013 -0.507800  1.527267  9.931027
  1.090000  1.707876  2.626973 -0.507890  1.527454  9.931924
  1.100000  1.707963  2.626949 -0.507942  1.527562  9.932445
  1.110000  1.708013  2.626936 -0.507972  1.527626  9.932750
  1.120000  1.708043  2.626927 -0.507988  1.527664  9.932931
  1.130000  1.708061  2.626922 -0.507998  1.527688  9.933040
  1.140000  1.708073  2.626920 -0.508002  1.527702  9.933108
  1.150000  1.708080  2.626918 -0.508004  1.527712  9.933153
  1.160000  1.708086  2.626916 -0.508003  1.527720  9.933185
  1.170000  1.708090  2.626915 -0.508003  1.527726  9.933207
  1.180000  1.708093  2.626914 -0.508003  1.527730  9.933223
  1.190000  1.708095  2.626913 -0.508002  1.527733  9.933234
  1.200000  1.708097  2.626912 -0.508000  1.527736  9.933240
  1.210000  1.708098  2.626911 -0.507998  1.527738  9.933244
  1.220000  1.708099  2.626910 -0.507995  1.527739  9.933244
  1.230000  1.708100  2.626908 -0.507993  1.527741  9.933243
  1.240000  1.708100  2.626907 -0.507991  1.527742  9.933239
  1.250000  1.708100  2.626906 -0.507988  1.527743  9.933233
  1.260000  1.708099  2.626904 -0.507986  1.527744  9.933225
  1.270000  1.708099  2.626903 -0.507984  1.527745  9.933215
  1.280000  1.708098  2.626901 -0.507983  1.527745  9.933204
  1.290000  1.708097  2.626899 -0.507982  1.527745  9.933193
  1.300000  1.708096  2.626897 -0.507981  1.527746  9.933181
  1.310000  1.708096  2.626895 -0.507980  1.527746  9.933170
  1.320000  1.708095  2.626893 -0.507980  1.527747  9.933158
  1.330000  1.708094  2.626891 -0.507979  1.527747  9.933143
  1.340000  1.708092  2.626888 -0.507979  1.527747  9.933127
  1.350000  1.708090  2.626886 -0.507980  1.527746  9.933108
  1.360000  1.708088  2.626883 -0.507980  1.527746  9.933088
  1.370000  1.708086  2.626880 -0.507980  1.527745  9.933067
  1.380000  1.708084  2.626877 -0.507980  1.527744  9.933043
  1.390000  1.708081  2.626874 -0.507980  1.527744  9.933017
  1.400000  1.708078  2.626871 -0.507980  1.527743  9.932991
  1.410000  1.708075  2.626868 -0.507979  1.527741  9.932962
  1.420000  1.708072  2.626865 -0.507979  1.527740  9.932932
  1.430000  1.708068  2.626861 -0.507979  1.527739  9.932900
  1.440000  1.708064  2.626858 -0.507978  1.527737  9.932867
  1.450000  1.708061  2.626854 -0.507978  1.527736  9.932832
  1.460000  1.708057  2.626850 -0.507977  1.527735  9.932796
  1.470000  1.708052  2.626845 -0.507977  1.527734  9.932758
  1.480000  1.708048  2.626841 -0.507976  1.527732  9.932718
  1.490000  1.708043  2.626836 -0.507976  1.527731  9.932677
  1.500000  1.708039  2.626831 -0.507975  1.527731  9.932634
  1.510000  1.708034  2.626825 -0.507974  1.527730  9.932589
  1.520000  1.708029  2.626819 -0.507973  1.527729  9.932543
  1.530000  1.708023  2.626813 -0.507972  1.527729  9.932494
  1.540000  1.708018  2.626806 -0.507971  1.527729  9.932443
  1.550000  1.708012  2.626799 -0.507970  1.527728  9.932390
  1.560000  1.708006  2.626792 -0.507969  1.527728  9.932334
  1.570000  1.708000  2.626784 -0.507968  1.527728  9.932275
  1.580000  1.707993  2.626776 -0.507966  1.527729  9.932213
  1.590000  1.707986  2.626768 -0.507964  1.527729  9.932148
  1.600000  1.707978  2.626758 -0.507962  1.527729  9.932080
  1.610000  1.707970  2.626749 -0.507960  1.527730  9.932007
  1.620000  1.707962  2.626739 -0.507957  1.527731  9.931931
  1.630000  1.707953  2.626728 -0.507954  1.527732  9.931850
  1.640000  1.707943  2.626716 -0.507952  1.527732  9.931764
  1.650000  1.707933  2.626705 -0.507949  1.527733  9.931674
  1.660000  1.707922  2.626692 -0.507945  1.527734  9.931578
  1.670000  1.707910  2.626679 -0.507942  1.527735  9.931476
  1.680000  1.707898  2.626665 -0.507939  1.527736  9.931368
  1.690000  1.707884  2.626650 -0.507935  1.527737  9.931254
  1.700000  1.707870  2.626634 -0.507932  1.527738  9.931133
  1.710000  1.707855  2.626618 -0.507928  1.527739  9.931004
  1.720000  1.707839  2.626601 -0.507924  1.527740  9.930868
  1.730000  1.707821  2.626583 -0.507920  1.527741  9.930725
  1.740000  1.707803  2.626564 -0.507916  1.527741  9.930572
  1.750000  1.707783  2.626545 -0.507912  1.527742  9.930411
  1.760000  1.707763  2.626524 -0.507908  1.527742  9.930241
  1.770000  1.707740  2.626502 -0.507904  1.527743  9.930062
  1.780000  1.707717  2.626479 -0.507899  1.527743  9.929872
  1.790000  1.707692  2.626456 -0.507894  1.527743  9.929672
  1.800000  1.707665  2.626431 -0.507889  1.527743  9.929462
  1.810000  1.707638  2.626405 -0.507884  1.527743  9.929240
  1.820000  1.707608  2.626378 -0.507879  1.527743  9.929008
  1.830000  1.707577  2.626349 -0.507873  1.527742  9.928763
  1.840000  1.707544  2.626320 -0.507867  1.527742  9.928507
  1.850000  1.707510  2.626289 -0.507861  1.527741  9.928238
  1.860000  1.707474  2.626256 -0.507854  1.527741  9.927957
  1.870000  1.707436  2.626223 -0.507848  1.527741  9.927663
  1.880000  1.707396  2.626187 -0.507841  1.527740  9.927356
  1.890000  1.707354  2.626150 -0.507834  1.527740  9.927036
  1.900000  1.707311  2.626112 -0.507827  1.527740  9.926701
  1.910000  1.707265  2.626072 -0.507819  1.527740  9.926352
  1.920000  1.707218  2.626030 -0.507811  1.527740  9.925989
  1.930000  1.707168  2.625987 -0.507802  1.527740  9.925610
  1.940000  1.707116  2.625942 -0.507794  1.527740  9.925215
  1.950000  1.707062  2.625895 -0.507785  1.527740  9.924804
  1.960000  1.707005  2.625847 -0.507775  1.527740  9.924376
  1.970000  1.706947  2.625797 -0.507765  1.527740  9.923931
  1.980000  1.706885  2.625744 -0.507755  1.527740  9.923468
  1.990000  1.706821  2.625690 -0.507744  1.527740  9.922987
  2.000000  1.706755  2.625634 -0.507733  1.527740  9.922488
  2.010000  1.706685  2.625576 -0.507722  1.527740  9.921971
  2.020000  1.706613  2.625516 -0.507710  1.527740  9.921435
  2.030000  1.706539  2.625454 -0.507697  1.527740  9.920879
  2.040000  1.706461  2.625390 -0.507684  1.527740  9.920305
  2.050000  1.706381  2.625324 -0.507671  1.527740  9.919711
  2.060000  1.706298  2.625255 -0.507657  1.527741  9.919097
  2.070000  1.706213  2.625185 -0.507643  1.527741  9.918463
  2.080000  1.706124  2.625112 -0.507629  1.527742  9.917810
  2.090000  1.706033  2.625037 -0.507614  1.527742  9.917136
  2.100000  1.705938  2.624960 -0.507598  1.527743  9.916442
  2.110000  1.705841  2.624881 -0.507583  1.527743  9.915728
  2.120000  1.705741  2.624800 -0.507566  1.527744  9.914993
  2.130000  1.705637  2.624716 -0.507550  1.527745  9.914237
  2.140000  1.705531  2.624631 -0.507533  1.527745  9.913460
  2.150000  1.705422  2.624543 -0.507516  1.527746  9.912663
  2.160000  1.705309  2.624453 -0.507498  1.527746  9.911846
  2.170000  1.705194  2.624361 -0.507480  1.527747  9.911008
  2.180000  1.705076  2.624267 -0.507461  1.527747  9.910151
  2.190000  1.704955  2.624171 -0.507443  1.527748  9.909274
  2.200000  1.704831  2.624074 -0.507423  1.527748  9.908377
  2.210000  1.704704  2.623974 -0.507404  1.527748  9.907462
  2.220000  1.704575  2.623872 -0.507384  1.527748  9.906529
  2.230000  1.704443  2.623769 -0.507364  1.527748  9.905579
  2.240000  1.704308  2.623664 -0.507343  1.527748  9.904612
  2.250000  1.704171  2.623557 -0.507323  1.527748  9.903629
  2.260000  1.704033  2.623449 -0.507302  1.527748  9.902632
  2.270000  1.703892  2.623340 -0.507281  1.527748  9.901621
  2.280000  1.703749  2.623229 -0.507259  1.527748  9.900598
  2.290000  1.703604  2.623117 -0.507238  1.527748  9.899564
  2.300000  1.703458  2.623004 -0.507216  1.527748  9.898520
  2.310000  1.703311  2.622891 -0.507194  1.527748  9.897469
  2.320000  1.703163  2.622776 -0.507173  1.527748  9.896410
  2.330000  1.703014  2.622662 -0.507151  1.527748  9.895348
  2.340000  1.702865  2.622547 -0.507129  1.527748  9.894282
  2.350000  1.702716  2.622432 -0.507107  1.527748  9.893217
  2.360000  1.702566  2.622317 -0.507085  1.527749  9.892154
  2.370000  1.702418  2.622203 -0.507063  1.527749  9.891096
  2.380000  1.702271  2.622089 -0.507041  1.527749  9.890046
  2.390000  1.702125  2.621977 -0.507020  1.527749  9.889009
  2.400000  1.701982  2.621867 -0.506999  1.527749  9.887988
  2.410000  1.701841  2.621759 -0.506978  1.527749  9.886986
  2.420000  1.701704  2.621653 -0.506958  1.527749  9.886007
  2.430000  1.701570  2.621550 -0.506939  1.527748  9.885053
  2.440000  1.701440  2.621450 -0.506919  1.527748  9.884126
  2.450000  1.701315  2.621352 -0.506901  1.527748  9.883229
  2.460000  1.701194  2.621258 -0.506883  1.527748  9.882362
  2.470000  1.701078  2.621167 -0.506866  1.527748  9.881526
  2.480000  1.700966  2.621079 -0.506850  1.527749  9.880721
  2.490000  1.700859  2.620993 -0.506834  1.527749  9.879947
  2.500000  1.700756  2.620911 -0.506819  1.527749  9.879205
  2.510000  1.700659  2.620833 -0.506804  1.527750  9.878493
  2.520000  1.700565  2.620757 -0.506790  1.527750  9.877811
  2.530000  1.700476  2.620684 -0.506777  1.527751  9.877158
  2.540000  1.700391  2.620614 -0.506764  1.527751  9.876535
  2.550000  1.700311  2.620547 -0.506752  1.527751  9.875940
  2.560000  1.700235  2.620483 -0.506740  1.527752  9.875372
  2.570000  1.700163  2.620421 -0.506729  1.527752  9.874832
  2.580000  1.700094  2.620362 -0.506718  1.527752  9.874317
  2.590000  1.700030  2.620306 -0.506708  1.527752  9.873828
  2.600000  1.699969  2.620252 -0.506698  1.527753  9.873363
  2.610000  1.699911  2.620200 -0.506689  1.527753  9.872922
  2.620000  1.699858  2.620151 -0.506680  1.527753  9.872504
  2.630000  1.699807  2.620104 -0.506672  1.527753  9.872108
  2.640000  1.699759  2.620059 -0.506664  1.527753  9.871733
  2.650000  1.699715  2.620017 -0.506656  1.527753  9.871379
  2.660000  1.699674  2.619976 -0.506649  1.527753  9.871044
  2.670000  1.699635  2.619937 -0.506642  1.527753  9.870728
  2.680000  1.699599  2.619900 -0.506636  1.527753  9.870430
  2.690000  1.699566  2.619865 -0.506630  1.527753  9.870149
  2.700000  1.699535  2.619832 -0.506624  1.527753  9.869884
  2.710000  1.699506  2.619800 -0.506618  1.527753  9.869636
  2.720000  1.699480  2.619769 -0.506613  1.527754  9.869402
  2.730000  1.699455  2.619740 -0.506608  1.527754  9.869183
  2.740000  1.699433  2.619713 -0.506604  1.527754  9.868976
  2.750000  1.699413  2.619687 -0.506599  1.527754  9.868783
  2.760000  1.699394  2.619662 -0.506595  1.527754  9.868603
  2.770000  1.699378  2.619638 -0.506591  1.527754  9.868436
  2.780000  1.699363  2.619615 -0.506587  1.527755  9.868279
  2.790000  1.699351  2.619593 -0.506582  1.527757  9.868143
  2.800000  1.699345  2.619572 -0.506575  1.527764  9.868036
  2.810000  1.699346  2.619550 -0.506566  1.527778  9.867970
  2.820000  1.699355  2.619528 -0.506552  1.527800  9.867946
  2.830000  1.699377  2.619503 -0.506531  1.527837  9.867988
  2.840000  1.699416  2.619475 -0.506500  1.527896  9.868124
  2.850000  1.699482  2.619441 -0.506454  1.527986  9.868391
  2.860000  1.699583  2.619399 -0.506387  1.528120  9.868842
  2.870000  1.699734  2.619345 -0.506290  1.528315  9.869544
  2.880000  1.699953  2.619276 -0.506152  1.528595  9.870595
  2.890000  1.700264  2.619185 -0.505956  1.528993  9.872125
  2.900000  1.700706  2.619063 -0.505681  1.529553  9.874320
  2.910000  1.701326  2.618900 -0.505297  1.530337  9.877429
  2.920000  1.702194  2.618679 -0.504760  1.531434  9.881809
  2.930000  1.703401  2.618378 -0.504015  1.532957  9.887927
  2.940000  1.705079  2.617966 -0.502981  1.535074  9.896459
  2.950000  1.707402  2.617403 -0.501550  1.538007  9.908301
  2.960000  1.710610  2.616631 -0.499578  1.542061  9.924684
  2.970000  1.715044  2.615570 -0.496857  1.547669  9.947351
  2.980000  1.721120  2.614123 -0.493135  1.555370  9.978456
  2.990000  1.729459  2.612140 -0.488047  1.565962 10.021162
  3.000000  1.740865  2.609436 -0.481101  1.580509 10.079654
  3.010000  1.756263  2.605784 -0.471789  1.600228 10.158638
  3.020000  1.776957  2.600895 -0.459339  1.626901 10.264963
  3.030000  1.804505  2.594404 -0.442951  1.662668 10.406695
  3.040000  1.840774  2.585853 -0.421584  1.710264 10.593539
  3.050000  1.887134  2.575073 -0.394818  1.771732 10.833205
  3.060000  1.946519  2.561178 -0.361116  1.851666 11.140305
  3.070000  2.017750  2.545093 -0.322037  1.948815 11.511652
  3.080000  2.103814  2.525501 -0.276275  2.067965 11.959428
  3.090000  2.198351  2.505087 -0.227527  2.200902 12.456994
  3.100000  2.303399  2.481987 -0.177577  2.349639 13.005187
  3.110000  2.402850  2.460186 -0.131074  2.494813 13.529318
  3.120000  2.482840  2.444710 -0.092721  2.613667 13.964317
  3.130000  2.545199  2.433365 -0.064470  2.706987 14.308155
  3.140000  2.591000  2.425364 -0.044023  2.775919 14.562941
  3.150000  2.623729  2.419825 -0.029421  2.825379 14.746275
  3.160000  2.646899  2.415997 -0.019369  2.860483 14.876730
  3.170000  2.662769  2.413453 -0.012452  2.884568 14.966619
  3.180000  2.673573  2.411747 -0.007760  2.900981 15.027980
  3.190000  2.680848  2.410619 -0.004621  2.912037 15.069438
  3.200000  2.685667  2.409891 -0.002520  2.919357 15.097006
  3.210000  2.688850  2.409419 -0.001134  2.924187 15.115263
  3.220000  2.690925  2.409123 -0.000228  2.927329 15.127215
  3.230000  2.692266  2.408939  0.000360  2.929352 15.134973
  3.240000  2.693129  2.408827  0.000732  2.930648 15.139991
  3.250000  2.693672  2.408764  0.000962  2.931456 15.143182
  3.260000  2.694006  2.408733  0.001099  2.931945 15.145170
  3.270000  2.694202  2.408722  0.001178  2.932227 15.146374
  3.280000  2.694306  2.408725  0.001220  2.932368 15.147043
  3.290000  2.694354  2.408735  0.001239  2.932423 15.147386
  3.300000  2.694376  2.408745  0.001249  2.932443 15.147561
  3.310000  2.694370  2.408758  0.001247  2.932421 15.147578
  3.320000  2.694356  2.408774  0.001239  2.932381 15.147540
  3.330000  2.694344  2.408781  0.001231  2.932358 15.147496
  3.340000  2.694321  2.408797  0.001220  2.932308 15.147405
  3.350000  2.694305  2.408817  0.001207  2.932255 15.147356
  3.360000  2.694298  2.408833  0.001196  2.932218 15.147346
  3.370000  2.694295  2.408846  0.001187  2.932191 15.147354
  3.380000  2.694294  2.408855  0.001179  2.932175 15.147366
  3.390000  2.694289  2.408862  0.001171  2.932157 15.147359
  3.400000  2.694284  2.408869  0.001164  2.932139 15.147347
  3.410000  2.694281  2.408876  0.001157  2.932124 15.147342
  3.420000  2.694279  2.408883  0.001151  2.932112 15.147348
  3.430000  2.694279  2.408887  0.001144  2.932104 15.147358
  3.440000  2.694278  2.408891  0.001137  2.932096 15.147363
  3.450000  2.694276  2.408896  0.001131  2.932086 15.147360
  3.460000  2.694272  2.408901  0.001126  2.932074 15.147355
  3.470000  2.694269  2.408908  0.001121  2.932060 15.147352
  3.480000  2.694267  2.408914  0.001116  2.932046 15.147355
  3.490000  2.694265  2.408922  0.001112  2.932031 15.147361
  3.500000  2.694264  2.408931  0.001108  2.932015 15.147375
  3.510000  2.694264  2.408939  0.001104  2.932002 15.147395
  3.520000  2.694264  2.408947  0.001100  2.931989 15.147418
  3.530000  2.694266  2.408955  0.001096  2.931978 15.147442
  3.540000  2.694267  2.408961  0.001092  2.931968 15.147466
  3.550000  2.694269  2.408968  0.001087  2.931960 15.147491
  3.560000  2.694270  2.408973  0.001083  2.931953 15.147514
  3.570000  2.694271  2.408978  0.001078  2.931946 15.147532
  3.580000  2.694272  2.408983  0.001074  2.931939 15.147545
  3.590000  2.694271  2.408988  0.001069  2.931931 15.147553
  3.600000  2.694270  2.408992  0.001065  2.931922 15.147558
  3.610000  2.694268  2.408997  0.001062  2.931912 15.147561
  3.620000  2.694266  2.409002  0.001058  2.931902 15.147561
  3.630000  2.694264  2.409007  0.001054  2.931891 15.147562
  3.640000  2.694262  2.409012  0.001050  2.931881 15.147563
  3.650000  2.694260  2.409017  0.001047  2.931870 15.147564
  3.660000  2.694258  2.409023  0.001043  2.931859 15.147565
  3.670000  2.694256  2.409028  0.001039  2.931848 15.147565
  3.680000  2.694254  2.409034  0.001036  2.931836 15.147565
  3.690000  2.694251  2.409040  0.001033  2.931824 15.147565
  3.700000  2.694249  2.409046  0.001030  2.931811 15.147568
  3.710000  2.694248  2.409052  0.001026  2.931800 15.147574
  3.720000  2.694247  2.409057  0.001023  2.931789 15.147583
  3.730000  2.694247  2.409063  0.001020  2.931780 15.147596
  3.740000  2.694248  2.409068  0.001017  2.931773 15.147612
  3.750000  2.694250  2.409072  0.001014  2.931767 15.147630
  3.760000  2.694251  2.409076  0.001010  2.931762 15.147650
  3.770000  2.694254  2.409080  0.001007  2.931758 15.147671
  3.780000  2.694257  2.409083  0.001005  2.931756 15.147693
  3.790000  2.694260  2.409086  0.001003  2.931754 15.147717
  3.800000  2.694264  2.409088  0.001001  2.931754 15.147742
  3.810000  2.694269  2.409089  0.000999  2.931755 15.147769
  3.820000  2.694275  2.409090  0.000998  2.931757 15.147799
  3.830000  2.694281  2.409091  0.000997  2.931761 15.147832
  3.840000  2.694289  2.409091  0.000996  2.931766 15.147868
  3.850000  2.694298  2.409091  0.000996  2.931773 15.147908
  3.860000  2.694308  2.409090  0.000995  2.931782 15.147953
  3.870000  2.694320  2.409088  0.000995  2.931794 15.148006
  3.880000  2.694335  2.409085  0.000994  2.931809 15.148071
  3.890000  2.694353  2.409081  0.000993  2.931830 15.148148
  3.900000  2.694375  2.409076  0.000991  2.931855 15.148239
  3.910000  2.694400  2.409068  0.000989  2.931887 15.148342
  3.920000  2.694427  2.409059  0.000987  2.931921 15.148450
  3.930000  2.694457  2.409049  0.000987  2.931960 15.148561
  3.940000  2.694488  2.409037  0.000987  2.932002 15.148679
  3.950000  2.694526  2.409021  0.000987  2.932053 15.148818
  3.960000  2.694569  2.409004  0.000988  2.932113 15.148979
  3.970000  2.694624  2.408981  0.000989  2.932191 15.149184
  3.980000  2.694681  2.408957  0.000990  2.932271 15.149393
  3.990000  2.694766  2.408920  0.000992  2.932394 15.149706
  4.000000  2.694822  2.408895  0.000996  2.932475 15.149913
